1 96 83 56 89 79
2 7 32 98 5 39
3 75 30 59 52 93
4 44 92 24 62 41
5 39 66 88 53 29
6 80 84 2 7 32
7 32 98 5 39 66
8 19 58 67 80 84
9 25 16 27 63 8
10 78 77 87 72 71
11 86 40 90 18 45
12 1 96 83 56 89
13 91 13 91 13 91
14 21 36 28 69 14
15 43 95 68 23 46
16 27 63 8 19 58
17 94 99 76 74 48
18 45 3 75 30 59
19 58 6 80 84 2
20 64 12 1 96 83
21 36 28 69 14 21
22 33 85 26 10 78
23 46 51 11 86 40
24 62 41 17 94 99
25 16 27 63 8 19
26 10 78 77 87 72
27 63 8 19 58 6
28 69 14 21 36 28
29 60 50 31 37 81
30 59 52 93 4 44
31 37 81 54 38 97
32 98 5 39 66 88
33 85 26 10 78 77
34 70 57 15 43 95
35 67 82 55 22 33
36 28 69 14 21 36
37 81 54 38 97 61
38 97 61 42 47 35
39 66 88 53 29 60
40 90 18 45 3 75
41 17 94 99 76 74
42 47 35 6 82 55
43 95 68 23 46 51
44 92 24 62 41 17
45 3 75 30 59 52
46 51 11 86 40 90
47 35 67 82 55 22
48 49 9 25 16 27
49 9 25 16 27 63
50 31 37 81 54 38
51 11 86 40 90 18
52 93 4 44 92 24
53 29 60 50 31 37
54 38 97 61 42 47
55 22 33 85 26 10
56 89 79 73 34 70
57 15 43 95 68 23
58 6 80 84 2 7
59 52 93 4 44 92
60 50 31 37 81 54
61 42 47 35 9 82
62 41 17 94 99 76
63 8 19 58 6 80
64 12 1 96 83 56
65 20 64 12 1 96
66 88 53 29 60 50
67 82 55 22 33 85
68 23 46 51 11 86
69 14 21 36 28 69
70 57 15 43 95 68
71 65 20 64 12 1
72 71 65 20 64 12
73 34 70 57 15 43
74 48 49 9 25 16
75 30 59 52 93 4
76 74 48 49 67 25
77 87 72 71 65 20
78 77 87 72 71 65
79 73 34 70 57 15
80 84 2 7 32 98
81 54 38 97 61 42
82 55 22 33 85 26
83 56 89 79 73 34
84 2 7 32 98 5
85 26 10 78 77 87
86 40 90 18 45 3
87 72 71 65 20 64
88 53 29 60 50 31
89 79 73 34 70 57
90 18 45 3 75 30
91 13 91 13 91 13
92 24 62 41 17 94
93 4 44 92 24 62
94 99 76 74 48 49
95 68 23 46 51 11
96 83 56 89 79 73
97 61 42 47 35 67
98 5 39 66 88 53
99 76 74 48 49 9
